%YAML:1.0
---
K: !!opencv-matrix
   rows: 3
   cols: 3
   dt: d
   data: [ 2.7531e+03, 0., 6.336836e+02, 0.,
           2.7554e+03, 4.370061e+02, 0., 0., 1. ]
D: !!opencv-matrix
   rows: 5
   cols: 1
   dt: d
   data: [ -0.109, 0.4659,
           -7.6007e-04, -0.0033,
           0. ]