%YAML:1.0
---
K: !!opencv-matrix
   rows: 3
   cols: 3
   dt: d
   data: [ 1.5819e+03, 0., 894.2269, 0.,
           1.5824e+03, 520.4674, 0., 0., 1. ]
D: !!opencv-matrix
   rows: 5
   cols: 1
   dt: d
   data: [ -0.0581, 0.2339,
           -1.6842e-04, -5.7867e-04,
           0. ]