%YAML:1.0
---
K: !!opencv-matrix
   rows: 3
   cols: 3
   dt: d
   data: [ 1.5786e+03, 0., 937.5071, 0.,
           1.5792e+03, 565.3346, 0., 0., 1. ]
D: !!opencv-matrix
   rows: 5
   cols: 1
   dt: d
   data: [ -0.0581, 0.2339,
           -1.6842e-04, -5.7867e-04,
           0. ]