%YAML:1.0
---

R: !!opencv-matrix
   rows: 3
   cols: 3
   dt: d
   data: [ 1.0, -4.0134e-04, -6.6601e-05, 4.0065e-04,
           0.9999, -0.01, 7.618e-05, 0.01, 0.999 ]
T: !!opencv-matrix
   rows: 3
   cols: 1
   dt: d
   data: [ -61.8444, -0.3249, -1.0317]
