%YAML:1.0
---

R: !!opencv-matrix
   rows: 3
   cols: 3
   dt: d
   data: [ 0.9545, -0.0247, -0.2971, 0.0022,
           0.9971, -0.0758, 0.2981, 0.0717, 0.9518 ]
T: !!opencv-matrix
   rows: 3
   cols: 1
   dt: d
   data: [ -201.2267, 79.7716, 1.5208e+03]
